0000 00 00 00 00 00 00 00 00 00 00 00 c0 00 00 00 20
0001 e0 00 05 00 07 20 00 00 00 00 04 00 00 00 00 00
0002 e4 00 02 00 00 00 00 00 00 00 00 00 00 00 00 00
0003 e4 00 05 00 00 00 00 00 00 00 00 00 00 00 00 00
0004 c0 00 03 00 00 00 00 00 00 00 00 00 00 00 00 00
0005 80 00 00 00 00 00 00 00 00 00 00 20 00 00 00 00
0006 00 00 00 00 07 00 00 00 00 00 24 00 00 00 00 00
0007 c0 00 01 00 00 00 00 00 00 00 00 20 00 00 00 00
0008 00 00 00 00 07 00 00 00 00 00 44 00 00 00 00 00
0009 c0 00 01 00 00 00 00 00 00 00 00 20 00 00 00 00
000a 00 00 00 00 07 00 00 00 00 10 04 00 00 00 00 00
000b c0 00 01 00 00 00 00 00 00 00 00 20 00 00 00 00
000c 00 00 00 00 07 00 00 00 00 20 04 00 00 00 00 00
000d c0 00 01 00 00 00 00 00 00 00 00 20 00 00 00 00
000e 00 00 00 00 07 00 00 00 08 00 04 00 00 00 00 00
000f c0 00 01 00 00 00 00 00 00 00 00 20 00 00 00 00
0010 00 00 00 00 07 00 00 00 10 00 04 00 00 00 00 00
0011 c0 00 01 00 00 00 00 00 00 00 00 20 00 00 00 00
0012 00 00 00 00 07 00 00 00 00 00 04 00 04 00 00 00
0013 c0 00 01 00 0a 80 00 00 80 00 00 20 01 00 00 00
0014 00 00 00 00 07 00 00 00 00 00 04 00 00 10 00 00
0015 c0 00 01 00 00 00 00 00 00 00 00 20 00 00 00 00
0016 00 00 00 00 07 00 00 00 00 00 04 00 04 00 00 00
0017 c0 00 01 00 00 00 00 00 00 00 00 20 02 18 f8 01
0018 00 00 00 00 07 00 00 00 00 00 04 00 04 00 00 00
0019 c0 00 01 00 00 00 00 00 00 00 00 20 02 18 f8 03
001a 00 00 00 00 07 00 00 00 00 00 04 00 04 00 00 00
001b c0 00 01 00 00 00 00 00 00 00 00 20 02 18 f8 05
001c 00 00 00 00 07 00 00 00 00 00 04 00 04 00 00 00
001d c0 00 01 00 00 00 00 00 00 00 00 20 02 18 f8 07
001e 00 00 00 00 07 00 00 00 00 00 04 00 04 00 00 00
001f c0 00 01 00 00 00 00 00 00 00 00 20 02 18 f8 0b
0020 00 00 00 00 07 00 00 00 00 00 04 00 04 00 00 00
0021 c0 00 01 00 00 00 00 00 00 00 00 20 02 18 f8 0f
0022 00 00 00 00 07 00 00 00 00 00 04 00 04 00 00 00
0023 c0 00 01 00 00 00 00 00 00 00 00 20 02 18 f8 0d
0024 00 00 00 00 07 00 00 00 00 00 04 00 04 00 00 00
0025 c0 00 01 00 00 00 00 00 00 00 00 20 02 08 f8 05
0026 c0 00 01 00 00 00 00 00 00 00 00 00 00 00 00 00
0027 c0 00 01 00 00 00 00 00 00 01 20 00 00 00 00 00
0028 c0 00 01 00 00 00 00 00 00 40 20 00 00 00 00 00
0029 c0 00 01 00 00 00 00 00 00 80 20 00 00 00 00 00
002a c0 00 01 00 00 00 00 00 20 00 20 00 00 00 00 00
002b c0 00 01 00 00 00 00 00 40 00 20 00 00 00 00 00
002c c0 00 01 00 07 00 00 00 80 00 20 00 00 00 00 00
002d c0 00 01 00 00 00 00 00 00 00 20 00 00 04 00 00
002e c0 00 01 00 00 00 00 00 00 00 c0 00 00 00 00 00
002f c0 00 01 00 00 00 00 00 00 00 00 00 00 00 00 00
0030 c0 00 01 00 00 00 00 00 00 40 40 00 00 00 00 00
0031 c0 00 01 00 00 00 00 00 00 80 40 00 00 00 00 00
0032 c0 00 01 00 00 00 00 00 20 00 40 00 00 00 00 00
0033 c0 00 01 00 00 00 00 00 40 00 40 00 00 00 00 00
0034 c0 00 01 00 07 00 00 00 80 00 40 00 00 00 00 00
0035 c0 00 01 00 00 00 00 00 00 00 40 00 00 04 00 00
0036 c0 00 01 00 00 00 00 00 00 10 80 00 00 00 00 00
0037 c0 00 01 00 00 00 00 00 00 11 00 00 00 00 00 00
0038 c0 00 01 00 00 00 00 00 00 00 00 00 00 00 00 00
0039 c0 00 01 00 00 00 00 00 00 90 00 00 00 00 00 00
003a c0 00 01 00 00 00 00 00 20 10 00 00 00 00 00 00
003b c0 00 01 00 00 00 00 00 40 10 00 00 00 00 00 00
003c c0 00 01 00 07 00 00 00 80 10 00 00 00 00 00 00
003d c0 00 01 00 00 00 00 00 00 10 00 00 00 04 00 00
003e c0 00 01 00 00 00 00 00 00 20 80 00 00 00 00 00
003f c0 00 01 00 00 00 00 00 00 21 00 00 00 00 00 00
0040 c0 00 01 00 00 00 00 00 00 60 00 00 00 00 00 00
0041 c0 00 01 00 00 00 00 00 00 00 00 00 00 00 00 00
0042 c0 00 01 00 00 00 00 00 20 20 00 00 00 00 00 00
0043 c0 00 01 00 00 00 00 00 40 20 00 00 00 00 00 00
0044 c0 00 01 00 07 00 00 00 80 20 00 00 00 00 00 00
0045 c0 00 01 00 00 00 00 00 00 20 00 00 00 04 00 00
0046 c0 00 01 00 00 00 00 00 08 00 80 00 00 00 00 00
0047 c0 00 01 00 00 00 00 00 08 01 00 00 00 00 00 00
0048 c0 00 01 00 00 00 00 00 08 40 00 00 00 00 00 00
0049 c0 00 01 00 00 00 00 00 08 80 00 00 00 00 00 00
004a c0 00 01 00 00 00 00 00 00 00 00 00 00 00 00 00
004b c0 00 01 00 00 00 00 00 48 00 00 00 00 00 00 00
004c c0 00 01 00 07 00 00 00 88 00 00 00 00 00 00 00
004d c0 00 01 00 00 00 00 00 08 00 00 00 00 04 00 00
004e c0 00 01 00 00 00 00 00 10 00 80 00 00 00 00 00
004f c0 00 01 00 00 00 00 00 10 01 00 00 00 00 00 00
0050 c0 00 01 00 00 00 00 00 10 40 00 00 00 00 00 00
0051 c0 00 01 00 00 00 00 00 10 80 00 00 00 00 00 00
0052 c0 00 01 00 00 00 00 00 30 00 00 00 00 00 00 00
0053 c0 00 01 00 00 00 00 00 00 00 00 00 00 00 00 00
0054 c0 00 01 00 07 00 00 00 90 00 00 00 00 00 00 00
0055 c0 00 01 00 00 00 00 00 10 00 00 00 00 04 00 00
0056 c0 00 01 00 0a 80 00 00 80 00 80 00 00 00 00 00
0057 c0 00 01 00 0a 80 00 00 80 01 00 00 00 00 00 00
0058 c0 00 01 00 0a 80 00 00 80 40 00 00 00 00 00 00
0059 c0 00 01 00 0a 80 00 00 80 80 00 00 00 00 00 00
005a c0 00 01 00 0a 80 00 00 a0 00 00 00 00 00 00 00
005b c0 00 01 00 0a 80 00 00 c0 00 00 00 00 00 00 00
005c c0 00 01 00 0a 80 00 00 80 00 00 00 00 04 00 00
005d c0 00 01 00 00 00 00 00 00 00 80 00 00 10 00 00
005e c0 00 01 00 00 00 00 00 00 01 00 00 00 10 00 00
005f c0 00 01 00 00 00 00 00 00 40 00 00 00 10 00 00
0060 c0 00 01 00 00 00 00 00 00 80 00 00 00 10 00 00
0061 c0 00 01 00 00 00 00 00 20 00 00 00 00 10 00 00
0062 c0 00 01 00 00 00 00 00 40 00 00 00 00 10 00 00
0063 c0 00 01 00 07 00 00 00 80 00 00 00 00 10 00 00
0064 c0 00 01 00 00 00 00 00 00 00 00 00 00 00 00 00
0065 c0 00 01 00 07 00 00 00 00 02 00 00 00 10 00 00
0066 c0 00 01 00 07 00 00 00 01 00 00 00 00 10 00 00
0067 00 00 00 00 07 00 00 08 00 00 04 00 00 00 00 00
0068 00 00 00 00 00 00 00 00 00 00 00 20 00 00 00 00
0069 00 00 00 00 07 00 00 04 00 00 04 00 00 00 00 00
006a 00 00 00 00 07 00 00 40 10 00 00 20 00 00 00 00
006b 00 00 00 00 00 00 00 01 00 00 00 00 00 00 00 00
006c c0 00 01 00 07 00 00 40 08 00 00 00 00 00 00 00
006d 00 00 00 00 07 00 00 08 00 00 04 00 00 00 00 00
006e 00 00 00 00 00 00 00 00 00 00 00 20 00 00 00 00
006f 00 00 00 00 07 00 00 04 00 00 04 00 00 00 00 00
0070 c0 00 01 00 07 00 00 40 00 00 00 20 00 10 00 00
0071 c0 00 01 00 0a 80 00 00 00 02 00 00 00 04 00 00
0072 c0 00 01 00 0a 80 00 00 01 00 00 00 00 04 00 00
0073 00 00 00 00 07 00 00 08 00 00 04 00 00 00 00 00
0074 00 00 00 00 00 00 00 00 00 00 00 20 00 00 00 00
0075 00 00 00 00 07 00 00 04 00 00 04 00 00 00 00 00
0076 00 00 00 00 0a 80 00 40 40 00 00 20 00 00 00 00
0077 00 00 00 00 00 00 00 01 00 00 00 00 00 00 00 00
0078 c0 00 01 00 0a 80 00 40 20 00 00 00 00 00 00 00
0079 00 00 00 00 07 00 00 08 00 00 04 00 00 00 00 00
007a 00 00 00 00 00 00 00 00 00 00 00 20 00 00 00 00
007b 00 00 00 00 07 00 00 04 00 00 04 00 00 00 00 00
007c c0 00 01 00 0a 80 00 40 00 00 00 20 00 04 00 00
007d 00 00 00 00 07 00 00 00 00 00 44 00 00 00 00 00
007e 00 00 00 00 00 00 00 00 00 00 00 20 00 00 00 00
007f 00 00 00 00 07 00 00 00 00 00 24 00 00 00 00 00
0080 c0 00 01 00 00 00 00 00 00 00 00 20 00 00 00 00
0081 00 00 00 00 07 00 00 00 00 20 04 00 00 00 00 00
0082 00 00 00 00 00 00 00 00 00 00 00 20 00 00 00 00
0083 00 00 00 00 07 00 00 00 00 10 04 00 00 00 00 00
0084 c0 00 01 00 00 00 00 00 00 00 00 20 00 00 00 00
0085 00 00 00 00 07 00 00 00 10 00 04 00 00 00 00 00
0086 00 00 00 00 00 00 00 00 00 00 00 20 00 00 00 00
0087 00 00 00 00 07 00 00 00 08 00 04 00 00 00 00 00
0088 c0 00 01 00 00 00 00 00 00 00 00 20 00 00 00 00
0089 00 00 00 00 07 00 00 00 00 00 04 02 00 00 00 00
008a 00 00 00 00 00 00 00 00 00 00 00 20 00 00 00 00
008b 00 00 00 00 07 00 00 00 00 00 04 01 00 00 00 00
008c c0 00 01 00 00 00 00 00 00 00 00 20 00 00 00 00
008d 00 00 00 00 00 00 00 00 40 00 00 00 00 80 00 00
008e 00 00 00 00 00 00 00 00 00 01 00 00 04 00 00 00
008f 00 00 00 00 00 00 00 00 10 00 00 00 02 40 08 01
0090 00 00 00 00 00 00 00 00 20 00 00 00 00 80 00 00
0091 00 00 00 00 00 00 00 00 00 00 80 00 04 00 00 00
0092 c0 00 01 00 00 00 00 00 08 00 00 00 02 40 08 03
0093 00 00 00 00 00 00 00 00 40 00 00 00 00 80 00 00
0094 00 00 00 00 00 00 00 00 00 80 00 00 04 00 00 00
0095 00 00 00 00 00 00 00 00 10 00 00 00 02 40 08 01
0096 00 00 00 00 00 00 00 00 20 00 00 00 00 80 00 00
0097 00 00 00 00 00 00 00 00 00 40 00 00 04 00 00 00
0098 c0 00 01 00 00 00 00 00 08 00 00 00 02 40 08 03
0099 00 00 00 00 00 00 00 00 40 00 00 00 04 80 00 00
009a 00 00 00 00 00 00 00 00 10 00 00 00 02 40 08 01
009b 00 00 00 00 00 00 00 00 20 00 00 00 04 80 00 00
009c c0 00 01 00 00 00 00 00 08 00 00 00 02 40 08 03
009d 00 00 00 00 00 00 00 00 40 00 00 00 00 80 00 00
009e 00 00 00 00 00 00 00 00 00 00 00 08 04 00 00 00
009f 00 00 00 00 00 00 00 00 10 00 00 00 02 40 08 01
00a0 00 00 00 00 00 00 00 00 20 00 00 00 00 80 00 00
00a1 00 00 00 00 00 00 00 00 00 00 00 04 04 00 00 00
00a2 c0 00 01 00 00 00 00 00 08 00 00 00 02 40 08 03
00a3 00 00 00 00 00 00 00 00 00 00 80 00 00 80 00 00
00a4 00 00 00 00 00 00 00 00 00 00 00 00 04 00 00 60
00a5 c0 00 01 00 00 00 00 00 00 00 20 00 02 40 f0 01
00a6 00 00 00 00 00 00 00 00 00 01 00 00 00 80 00 00
00a7 00 00 00 00 00 00 00 00 00 00 00 00 04 00 00 60
00a8 c0 00 01 00 00 00 00 00 00 00 40 00 02 40 f0 01
00a9 00 00 00 00 00 00 00 00 00 40 00 00 00 80 00 00
00aa 00 00 00 00 00 00 00 00 00 00 00 00 04 00 00 60
00ab c0 00 01 00 00 00 00 00 00 10 00 00 02 40 f0 01
00ac 00 00 00 00 00 00 00 00 00 80 00 00 00 80 00 00
00ad 00 00 00 00 00 00 00 00 00 00 00 00 04 00 00 60
00ae c0 00 01 00 00 00 00 00 00 20 00 00 02 40 f0 01
00af 00 00 00 00 00 00 00 00 20 00 00 00 00 80 00 00
00b0 00 00 00 00 00 00 00 00 00 00 00 00 04 00 00 60
00b1 c0 00 01 00 00 00 00 00 08 00 00 00 02 40 f0 01
00b2 00 00 00 00 00 00 00 00 40 00 00 00 00 80 00 00
00b3 00 00 00 00 00 00 00 00 00 00 00 00 04 00 00 60
00b4 c0 00 01 00 00 00 00 00 10 00 00 00 02 40 f0 01
00b5 00 00 00 00 07 00 00 00 80 00 00 00 00 80 00 00
00b6 00 00 00 00 00 00 00 00 00 00 00 00 04 00 00 60
00b7 c0 00 01 00 0a 80 00 00 80 00 00 00 02 40 f0 01
00b8 00 00 00 00 00 00 00 00 00 00 00 00 04 00 00 60
00b9 c0 00 01 00 00 00 00 00 00 00 00 00 02 18 f0 01
00ba c0 00 01 00 00 00 00 00 00 00 08 00 00 00 00 00
00bb c0 00 01 00 00 00 00 00 00 04 00 00 00 00 00 00
00bc c0 00 01 00 00 00 00 00 02 00 00 00 00 00 00 00
00bd c0 00 01 00 00 00 00 00 00 00 00 00 40 00 00 00
00be 00 00 00 00 00 00 00 00 00 00 80 00 00 80 00 00
00bf 00 00 00 00 00 00 00 00 00 00 00 00 04 00 00 60
00c0 c0 00 01 00 00 00 00 00 00 00 20 00 02 40 f0 05
00c1 00 00 00 00 00 00 00 00 00 01 00 00 00 80 00 00
00c2 00 00 00 00 00 00 00 00 00 00 00 00 04 00 00 60
00c3 c0 00 01 00 00 00 00 00 00 00 40 00 02 40 f0 05
00c4 00 00 00 00 00 00 00 00 00 40 00 00 00 80 00 00
00c5 00 00 00 00 00 00 00 00 00 00 00 00 04 00 00 60
00c6 c0 00 01 00 00 00 00 00 00 10 00 00 02 40 f0 05
00c7 00 00 00 00 00 00 00 00 00 80 00 00 00 80 00 00
00c8 00 00 00 00 00 00 00 00 00 00 00 00 04 00 00 60
00c9 c0 00 01 00 00 00 00 00 00 20 00 00 02 40 f0 05
00ca 00 00 00 00 00 00 00 00 20 00 00 00 00 80 00 00
00cb 00 00 00 00 00 00 00 00 00 00 00 00 04 00 00 60
00cc c0 00 01 00 00 00 00 00 08 00 00 00 02 40 f0 05
00cd 00 00 00 00 00 00 00 00 40 00 00 00 00 80 00 00
00ce 00 00 00 00 00 00 00 00 00 00 00 00 04 00 00 60
00cf c0 00 01 00 00 00 00 00 10 00 00 00 02 40 f0 05
00d0 00 00 00 00 07 00 00 00 80 00 00 00 00 80 00 00
00d1 00 00 00 00 00 00 00 00 00 00 00 00 04 00 00 60
00d2 c0 00 01 00 0a 80 00 00 80 00 00 00 02 40 f0 05
00d3 00 00 00 00 00 00 00 00 00 00 00 00 04 00 00 60
00d4 c0 00 01 00 00 00 00 00 00 00 00 00 02 18 f0 05
00d5 c0 00 01 00 00 00 00 00 00 00 10 00 00 00 00 00
00d6 c0 00 01 00 00 00 00 00 00 08 00 00 00 00 00 00
00d7 c0 00 01 00 00 00 00 00 04 00 00 00 00 00 00 00
00d8 c0 00 01 00 00 00 00 00 00 00 00 00 80 00 00 00
00d9 00 00 00 00 00 00 00 00 00 00 00 00 80 00 00 00
00da 00 00 00 00 0a 80 00 00 00 00 80 10 00 00 00 00
00db 00 00 00 00 00 00 00 00 00 00 00 00 80 00 00 00
00dc c0 00 01 00 0a 80 00 00 00 01 00 10 00 00 00 00
00dd 00 00 00 00 00 00 00 00 00 00 00 00 80 00 00 00
00de 00 00 00 00 0a 80 00 00 00 40 00 10 00 00 00 00
00df 00 00 00 00 00 00 00 00 00 00 00 00 80 00 00 00
00e0 c0 00 01 00 0a 80 00 00 00 80 00 10 00 00 00 00
00e1 00 00 00 00 00 00 00 00 00 00 00 00 80 00 00 00
00e2 00 00 00 00 0a 80 00 00 20 00 00 10 00 00 00 00
00e3 00 00 00 00 00 00 00 00 00 00 00 00 80 00 00 00
00e4 c0 00 01 00 0a 80 00 00 40 00 00 10 00 00 00 00
00e5 00 00 00 00 00 00 00 00 00 00 00 00 80 00 00 00
00e6 00 00 00 00 0a 80 00 00 00 00 00 10 00 04 00 00
00e7 00 00 00 00 00 00 00 00 00 00 00 00 80 00 00 00
00e8 c0 00 01 00 0a 80 00 00 00 00 00 10 00 02 00 00
00e9 00 00 00 00 07 00 00 00 00 00 40 10 00 00 00 00
00ea 00 00 00 00 00 00 00 00 00 00 00 00 40 00 00 00
00eb 00 00 00 00 07 00 00 00 00 00 20 10 00 00 00 00
00ec c0 00 01 00 00 00 00 00 00 00 00 00 40 00 00 00
00ed 00 00 00 00 07 00 00 00 00 20 00 10 00 00 00 00
00ee 00 00 00 00 00 00 00 00 00 00 00 00 40 00 00 00
00ef 00 00 00 00 07 00 00 00 00 10 00 10 00 00 00 00
00f0 c0 00 01 00 00 00 00 00 00 00 00 00 40 00 00 00
00f1 00 00 00 00 07 00 00 00 10 00 00 10 00 00 00 00
00f2 00 00 00 00 00 00 00 00 00 00 00 00 40 00 00 00
00f3 00 00 00 00 07 00 00 00 08 00 00 10 00 00 00 00
00f4 c0 00 01 00 00 00 00 00 00 00 00 00 40 00 00 00
00f5 00 00 00 00 07 00 00 00 00 00 00 10 00 01 00 00
00f6 00 00 00 00 00 00 00 00 00 00 00 00 40 00 00 00
00f7 00 00 00 00 07 00 00 00 00 00 00 10 00 10 00 00
00f8 c0 00 01 00 00 00 00 00 00 00 00 00 40 00 00 00
00f9 00 00 00 00 00 00 00 00 40 00 00 00 00 80 00 00
00fa 00 00 00 00 07 00 00 00 10 00 00 10 00 00 00 00
00fb 00 00 00 00 0a 80 00 00 00 00 00 10 00 20 00 00
00fc 00 00 00 00 00 00 00 00 00 00 00 00 40 00 00 00
00fd 00 00 00 00 00 00 00 00 20 00 00 00 00 80 00 00
00fe 00 00 00 00 07 00 00 00 08 00 00 10 00 00 00 00
00ff 00 00 00 00 0a 80 00 00 00 00 00 10 00 20 00 00
0100 c0 00 01 00 00 00 00 00 00 00 00 00 80 00 00 00
0101 00 00 00 00 00 00 00 00 20 00 00 01 00 00 00 00
0102 c0 00 01 00 00 00 00 00 40 00 00 02 00 00 00 00
0103 00 00 00 00 00 00 00 00 20 00 00 00 00 80 00 00
0104 00 00 00 00 00 00 00 00 08 40 00 00 00 00 00 00
0105 00 00 00 00 00 00 00 00 00 10 00 00 00 20 00 00
0106 00 00 00 00 00 00 00 00 40 00 00 00 00 80 00 00
0107 00 00 00 00 00 00 00 00 10 80 00 00 00 00 00 00
0108 c0 00 01 00 00 00 00 00 00 20 00 00 00 20 00 00
0109 d9 01 0c 00 00 00 00 00 00 00 00 00 00 82 00 00
010a dd 01 10 00 00 00 00 00 00 00 00 00 04 00 00 e0
010b c0 00 01 00 00 00 00 00 00 00 00 00 00 00 00 00
010c 00 00 00 00 00 00 00 00 00 00 00 00 04 00 00 a0
010d 00 00 00 00 00 00 00 00 00 00 00 00 02 18 f8 01
010e 00 00 00 00 00 00 00 00 00 00 00 00 04 02 00 00
010f 42 00 00 00 00 00 00 00 00 00 00 00 02 41 00 0c
0110 42 00 00 00 00 00 00 00 00 00 00 00 02 18 d2 01
0111 c0 00 01 00 00 00 00 00 00 00 00 00 00 18 00 09
0112 c0 00 01 00 00 00 00 00 00 00 00 00 00 00 02 00
0113 c0 00 01 00 00 00 00 00 00 00 00 00 00 00 04 00
0114 00 00 00 00 07 00 00 0c 00 00 04 00 00 00 00 00
0115 c0 00 01 00 22 80 00 40 00 00 00 20 00 04 00 00
0116 00 00 00 00 07 00 00 0c 00 00 04 00 00 00 00 00
0117 c0 00 01 00 13 00 00 40 00 00 00 20 00 10 00 00
0118 00 00 00 00 00 00 00 00 00 00 80 00 04 00 00 00
0119 c0 00 01 00 00 00 00 00 00 00 00 00 02 18 f8 01
011a c0 01 19 00 00 00 00 00 00 01 00 00 04 00 00 00
011b c0 01 19 00 00 00 00 00 00 40 00 00 04 00 00 00
011c c0 01 19 00 00 00 00 00 00 80 00 00 04 00 00 00
011d c0 01 19 00 00 00 00 00 20 00 00 00 04 00 00 00
011e c0 01 19 00 00 00 00 00 40 00 00 00 04 00 00 00
011f c0 01 19 00 07 00 00 00 80 00 00 00 04 00 00 00
0120 c0 01 19 00 00 00 00 00 00 00 00 00 04 04 00 00
0121 00 00 00 00 00 00 00 00 00 00 80 00 04 00 00 00
0122 c0 00 01 00 00 00 00 00 00 00 00 00 02 18 f8 03
0123 c0 01 22 00 00 00 00 00 00 01 00 00 04 00 00 00
0124 c0 01 22 00 00 00 00 00 00 40 00 00 04 00 00 00
0125 c0 01 22 00 00 00 00 00 00 80 00 00 04 00 00 00
0126 c0 01 22 00 00 00 00 00 20 00 00 00 04 00 00 00
0127 c0 01 22 00 00 00 00 00 40 00 00 00 04 00 00 00
0128 c0 01 22 00 07 00 00 00 80 00 00 00 04 00 00 00
0129 c0 01 22 00 00 00 00 00 00 00 00 00 04 04 00 00
012a 00 00 00 00 00 00 00 00 00 00 80 00 04 00 00 00
012b c0 00 01 00 00 00 00 00 00 00 00 00 02 18 f8 05
012c c0 01 2b 00 00 00 00 00 00 01 00 00 04 00 00 00
012d c0 01 2b 00 00 00 00 00 00 40 00 00 04 00 00 00
012e c0 01 2b 00 00 00 00 00 00 80 00 00 04 00 00 00
012f c0 01 2b 00 00 00 00 00 20 00 00 00 04 00 00 00
0130 c0 01 2b 00 00 00 00 00 40 00 00 00 04 00 00 00
0131 c0 01 2b 00 07 00 00 00 80 00 00 00 04 00 00 00
0132 c0 01 2b 00 00 00 00 00 00 00 00 00 04 04 00 00
0133 00 00 00 00 00 00 00 00 00 00 80 00 04 00 00 00
0134 c0 00 01 00 00 00 00 00 00 00 00 00 02 18 f8 07
0135 c0 01 34 00 00 00 00 00 00 01 00 00 04 00 00 00
0136 c0 01 34 00 00 00 00 00 00 40 00 00 04 00 00 00
0137 c0 01 34 00 00 00 00 00 00 80 00 00 04 00 00 00
0138 c0 01 34 00 00 00 00 00 20 00 00 00 04 00 00 00
0139 c0 01 34 00 00 00 00 00 40 00 00 00 04 00 00 00
013a c0 01 34 00 07 00 00 00 80 00 00 00 04 00 00 00
013b c0 01 34 00 00 00 00 00 00 00 00 00 04 04 00 00
013c 00 00 00 00 00 00 00 00 00 00 80 00 04 00 00 00
013d c0 00 01 00 00 00 00 00 00 00 00 00 02 18 f8 0b
013e c0 01 3d 00 00 00 00 00 00 01 00 00 04 00 00 00
013f c0 01 3d 00 00 00 00 00 00 40 00 00 04 00 00 00
0140 c0 01 3d 00 00 00 00 00 00 80 00 00 04 00 00 00
0141 c0 01 3d 00 00 00 00 00 20 00 00 00 04 00 00 00
0142 c0 01 3d 00 00 00 00 00 40 00 00 00 04 00 00 00
0143 c0 01 3d 00 07 00 00 00 80 00 00 00 04 00 00 00
0144 c0 01 3d 00 00 00 00 00 00 00 00 00 04 04 00 00
0145 00 00 00 00 00 00 00 00 00 00 80 00 04 00 00 00
0146 c0 00 01 00 00 00 00 00 00 00 00 00 02 18 f8 0f
0147 c0 01 46 00 00 00 00 00 00 01 00 00 04 00 00 00
0148 c0 01 46 00 00 00 00 00 00 40 00 00 04 00 00 00
0149 c0 01 46 00 00 00 00 00 00 80 00 00 04 00 00 00
014a c0 01 46 00 00 00 00 00 20 00 00 00 04 00 00 00
014b c0 01 46 00 00 00 00 00 40 00 00 00 04 00 00 00
014c c0 01 46 00 07 00 00 00 80 00 00 00 04 00 00 00
014d c0 01 46 00 00 00 00 00 00 00 00 00 04 04 00 00
014e 00 00 00 00 00 00 00 00 00 00 80 00 04 00 00 00
014f c0 00 01 00 00 00 00 00 00 00 00 00 02 18 f8 0d
0150 c0 01 4f 00 00 00 00 00 00 01 00 00 04 00 00 00
0151 c0 01 4f 00 00 00 00 00 00 40 00 00 04 00 00 00
0152 c0 01 4f 00 00 00 00 00 00 80 00 00 04 00 00 00
0153 c0 01 4f 00 00 00 00 00 20 00 00 00 04 00 00 00
0154 c0 01 4f 00 00 00 00 00 40 00 00 00 04 00 00 00
0155 c0 01 4f 00 07 00 00 00 80 00 00 00 04 00 00 00
0156 c0 01 4f 00 00 00 00 00 00 00 00 00 04 04 00 00
0157 00 00 00 00 00 00 00 00 00 00 80 00 04 00 00 00
0158 c0 00 01 00 00 00 00 00 00 00 00 00 02 08 f8 05
0159 c0 01 58 00 00 00 00 00 00 01 00 00 04 00 00 00
015a c0 01 58 00 00 00 00 00 00 40 00 00 04 00 00 00
015b c0 01 58 00 00 00 00 00 00 80 00 00 04 00 00 00
015c c0 01 58 00 00 00 00 00 20 00 00 00 04 00 00 00
015d c0 01 58 00 00 00 00 00 40 00 00 00 04 00 00 00
015e c0 01 58 00 07 00 00 00 80 00 00 00 04 00 00 00
015f c0 01 58 00 00 00 00 00 00 00 00 00 04 04 00 00
0160 00 00 00 00 07 00 00 08 00 00 04 00 00 00 00 00
0161 00 00 00 00 00 00 00 00 00 00 00 20 00 00 00 00
0162 00 00 00 00 07 00 00 04 00 00 04 00 00 00 00 00
0163 00 00 00 00 00 00 00 20 00 00 00 80 00 00 00 00
0164 c0 00 01 00 00 00 00 10 00 00 00 40 00 00 00 00
0165 d0 01 67 00 00 00 00 00 00 00 00 00 00 00 00 00
0166 c0 01 60 00 00 00 00 00 00 00 00 00 00 00 00 00
0167 00 00 00 00 00 00 00 00 00 00 00 20 00 00 00 00
0168 c0 00 01 00 00 00 00 00 00 00 00 20 00 00 00 00
0169 d0 01 60 00 00 00 00 00 00 00 00 00 00 00 00 00
016a 00 00 00 00 00 00 00 00 00 00 00 20 00 00 00 00
016b c0 00 01 00 00 00 00 00 00 00 00 20 00 00 00 00
016c c4 01 67 00 00 00 00 00 00 00 00 00 00 00 00 00
016d c0 01 60 00 00 00 00 00 00 00 00 00 00 00 00 00
016e c4 01 60 00 00 00 00 00 00 00 00 00 00 00 00 00
016f 00 00 00 00 00 00 00 00 00 00 00 20 00 00 00 00
0170 c0 00 01 00 00 00 00 00 00 00 00 20 00 00 00 00
0171 c8 01 67 00 00 00 00 00 00 00 00 00 00 00 00 00
0172 c0 01 60 00 00 00 00 00 00 00 00 00 00 00 00 00
0173 c8 01 60 00 00 00 00 00 00 00 00 00 00 00 00 00
0174 00 00 00 00 00 00 00 00 00 00 00 20 00 00 00 00
0175 c0 00 01 00 00 00 00 00 00 00 00 20 00 00 00 00
0176 d4 01 67 00 00 00 00 00 00 00 00 00 00 00 00 00
0177 c0 01 60 00 00 00 00 00 00 00 00 00 00 00 00 00
0178 d4 01 60 00 00 00 00 00 00 00 00 00 00 00 00 00
0179 00 00 00 00 00 00 00 00 00 00 00 20 00 00 00 00
017a c0 00 01 00 00 00 00 00 00 00 00 20 00 00 00 00
017b 00 00 00 00 00 00 00 00 20 00 00 40 00 00 00 00
017c c0 00 01 00 00 00 00 00 40 00 00 80 00 00 00 00
017d 00 00 00 00 00 00 00 04 00 00 01 00 80 00 00 00
017e 00 00 00 00 00 00 00 08 00 00 02 00 00 00 00 00
017f 00 00 00 00 00 00 00 00 00 00 00 20 00 00 00 00
0180 00 00 00 00 00 00 00 00 00 00 00 20 00 00 00 00
0181 00 00 00 00 0a 80 00 00 00 00 01 10 00 00 00 00
0182 00 00 00 00 00 00 00 00 00 00 00 00 80 00 00 00
0183 00 00 00 00 0a 80 00 00 00 00 02 10 00 00 00 00
0184 00 00 00 00 07 00 00 40 00 00 00 80 00 00 00 00
0185 00 00 00 00 00 00 00 01 00 00 00 00 00 00 00 00
0186 c0 00 01 00 07 00 00 40 00 00 00 40 00 00 00 00
0187 d0 01 8a 00 00 00 00 00 00 00 00 00 00 00 00 00
0188 c0 01 7d 00 00 00 00 00 00 00 00 00 00 00 00 00
0189 d0 01 7d 00 00 00 00 00 00 00 00 00 00 00 00 00
018a 00 00 00 00 00 00 00 00 00 00 00 20 00 00 00 00
018b c0 00 01 00 00 00 00 00 00 00 00 20 00 00 00 00
018c c4 01 8a 00 00 00 00 00 00 00 00 00 00 00 00 00
018d c0 01 7d 00 00 00 00 00 00 00 00 00 00 00 00 00
018e c4 01 7d 00 00 00 00 00 00 00 00 00 00 00 00 00
018f 00 00 00 00 00 00 00 00 00 00 00 20 00 00 00 00
0190 c0 00 01 00 00 00 00 00 00 00 00 20 00 00 00 00
0191 c8 01 8a 00 00 00 00 00 00 00 00 00 00 00 00 00
0192 c0 01 7d 00 00 00 00 00 00 00 00 00 00 00 00 00
0193 c8 01 7d 00 00 00 00 00 00 00 00 00 00 00 00 00
0194 00 00 00 00 00 00 00 00 00 00 00 20 00 00 00 00
0195 c0 00 01 00 00 00 00 00 00 00 00 20 00 00 00 00
0196 d4 01 8a 00 00 00 00 00 00 00 00 00 00 00 00 00
0197 c0 01 7d 00 00 00 00 00 00 00 00 00 00 00 00 00
0198 d4 01 7d 00 00 00 00 00 00 00 00 00 00 00 00 00
0199 00 00 00 00 00 00 00 00 00 00 00 20 00 00 00 00
019a c0 00 01 00 00 00 00 00 00 00 00 20 00 00 00 00
019b 00 00 00 00 07 00 00 00 00 00 00 90 00 00 00 00
019c 00 00 00 00 00 00 00 00 00 00 00 00 40 00 00 00
019d 00 00 00 00 07 00 00 00 00 00 00 50 00 00 00 00
019e c0 00 01 00 00 00 00 00 00 00 00 00 40 00 00 00
019f d0 00 01 00 00 00 00 00 00 00 00 00 00 00 00 00
01a0 c0 01 9b 00 00 00 00 00 00 00 00 00 00 00 00 00
01a1 d0 01 9b 00 00 00 00 00 00 00 00 00 00 00 00 00
01a2 c0 00 01 00 00 00 00 00 00 00 00 00 00 00 00 00
01a3 c4 00 01 00 00 00 00 00 00 00 00 00 00 00 00 00
01a4 c0 01 9b 00 00 00 00 00 00 00 00 00 00 00 00 00
01a5 c4 01 9b 00 00 00 00 00 00 00 00 00 00 00 00 00
01a6 c0 00 01 00 00 00 00 00 00 00 00 00 00 00 00 00
01a7 c8 00 01 00 00 00 00 00 00 00 00 00 00 00 00 00
01a8 c0 01 9b 00 00 00 00 00 00 00 00 00 00 00 00 00
01a9 c8 01 9b 00 00 00 00 00 00 00 00 00 00 00 00 00
01aa c0 00 01 00 00 00 00 00 00 00 00 00 00 00 00 00
01ab d4 00 01 00 00 00 00 00 00 00 00 00 00 00 00 00
01ac c0 01 9b 00 00 00 00 00 00 00 00 00 00 00 00 00
01ad d4 01 9b 00 00 00 00 00 00 00 00 00 00 00 00 00
01ae c0 00 01 00 00 00 00 00 00 00 00 00 00 00 00 00
01af 00 00 00 00 00 00 00 00 00 00 00 00 80 00 00 00
01b0 00 00 00 00 0a 80 00 00 00 00 01 10 00 00 00 00
01b1 00 00 00 00 00 00 00 00 00 00 00 00 80 00 00 00
01b2 00 00 00 00 0a 80 00 00 00 00 02 10 00 00 00 00
01b3 00 00 00 00 00 00 00 00 00 00 00 00 00 80 00 a0
01b4 00 00 00 00 00 00 00 00 00 00 00 00 04 00 00 60
01b5 00 00 00 00 00 00 00 00 00 00 00 00 06 c0 00 01
01b6 00 00 00 00 00 00 00 00 00 00 00 00 06 c0 00 01
01b7 00 00 00 00 00 00 00 00 00 00 00 00 06 c0 00 01
01b8 00 00 00 00 00 00 00 00 00 00 00 00 06 c0 00 01
01b9 00 00 00 00 00 40 00 00 00 00 00 00 04 00 00 00
01ba 00 00 00 00 00 00 00 00 00 00 00 80 02 40 00 0b
01bb c0 00 01 00 00 00 00 00 00 00 00 40 00 00 00 20
01bc c0 00 01 00 00 00 00 00 00 00 00 00 00 18 08 11
01bd c0 00 01 00 00 00 00 00 00 00 00 00 00 18 08 19
01be c0 00 01 00 00 00 00 00 00 00 00 00 00 18 08 13
01bf c0 00 01 00 00 00 00 00 00 00 00 00 00 18 08 1b
01c0 c0 00 01 00 00 00 00 00 00 00 00 00 00 00 00 00
01c1 c0 01 c1 00 00 00 00 00 00 00 00 00 00 00 00 00
01c2 c0 00 01 00 00 00 00 00 00 00 00 00 00 00 00 00
01c3 c0 00 01 00 00 00 00 00 00 00 00 00 00 00 00 00
01c4 00 00 00 00 00 00 00 04 00 00 80 00 00 00 00 00
01c5 00 00 00 00 00 00 00 08 00 01 00 00 00 00 00 00
01c6 f4 01 cd 00 00 00 00 00 00 00 00 00 00 00 00 00
01c7 00 00 00 00 00 00 02 00 20 00 00 00 00 00 00 00
01c8 00 00 00 00 00 00 04 00 40 00 00 00 00 00 00 00
01c9 00 00 00 00 0a 80 20 00 00 00 00 00 00 04 00 00
01ca 00 00 00 00 00 00 00 82 00 00 00 00 00 00 00 00
01cb f4 01 cd 00 00 00 00 00 00 00 00 00 00 00 00 00
01cc c0 01 c9 00 00 00 00 00 00 00 00 00 00 00 00 00
01cd c0 00 01 00 00 00 00 00 00 00 00 00 00 00 00 00
01ce 00 00 00 00 00 00 00 04 00 00 80 00 00 00 00 00
01cf 00 00 00 00 00 00 00 08 00 01 00 00 00 00 00 00
01d0 f4 01 da 00 00 00 00 00 00 00 00 00 00 00 00 00
01d1 00 00 00 00 00 00 02 00 00 40 00 00 00 00 00 00
01d2 00 00 00 00 00 00 04 00 00 80 00 00 00 00 00 00
01d3 00 00 00 00 00 01 00 00 20 00 00 00 00 00 00 00
01d4 00 00 00 00 00 02 00 00 40 00 00 00 00 00 00 00
01d5 00 00 00 00 07 00 20 00 00 00 00 00 00 80 00 00
01d6 00 00 00 00 0a 90 00 00 00 00 00 00 00 20 00 00
01d7 00 00 00 00 00 00 40 82 00 00 00 00 00 00 00 00
01d8 f4 01 da 00 00 00 00 00 00 00 00 00 00 00 00 00
01d9 c0 01 d5 00 00 00 00 00 00 00 00 00 00 00 00 00
01da c0 00 01 00 00 00 00 00 00 00 00 00 00 00 00 00
01db 00 00 00 00 00 00 00 04 00 00 00 00 00 00 00 20
01dc 00 00 00 00 00 00 00 08 00 01 00 00 00 00 00 00
01dd f4 01 f8 00 00 00 00 00 00 00 00 00 00 00 00 00
01de 00 00 00 00 00 00 02 00 00 40 00 00 00 00 00 00
01df 00 00 00 00 00 00 04 00 00 80 00 00 00 00 00 00
01e0 00 00 00 00 00 01 00 00 20 00 00 00 00 00 00 00
01e1 00 00 00 00 00 02 00 00 40 00 00 00 00 00 00 00
01e2 00 00 00 00 00 00 00 20 00 00 00 00 00 80 00 00
01e3 00 00 00 00 00 00 10 00 00 00 00 00 04 00 00 00
01e4 00 00 00 00 00 00 04 00 00 00 00 00 02 40 08 01
01e5 00 00 00 00 00 00 00 10 00 00 00 00 00 80 00 00
01e6 00 00 00 00 00 00 08 00 00 00 00 00 04 00 00 00
01e7 00 00 00 00 00 00 02 00 00 00 00 00 02 40 00 03
01e8 00 00 00 00 00 00 01 00 00 00 00 00 00 00 00 00
01e9 00 00 00 00 00 00 00 20 00 00 00 00 00 80 00 00
01ea 00 00 00 00 00 08 00 00 00 00 00 00 04 00 00 00
01eb 00 00 00 00 00 02 00 00 00 00 00 00 02 40 08 01
01ec 00 00 00 00 00 00 00 10 00 00 00 00 00 80 00 00
01ed 00 00 00 00 00 04 00 00 00 00 00 00 04 00 00 00
01ee 00 00 00 00 00 01 00 00 00 00 00 00 02 40 00 03
01ef 00 00 00 00 00 00 80 00 00 00 00 00 00 00 00 00
01f0 00 00 00 00 00 00 00 00 00 00 00 00 00 00 01 00
01f1 00 00 00 00 07 00 20 00 00 00 00 00 00 80 00 00
01f2 00 00 00 00 07 10 00 00 00 00 00 00 04 00 00 00
01f3 00 00 00 00 00 00 00 00 00 00 00 00 22 40 08 03
01f4 00 00 00 00 0a 90 00 00 00 00 00 00 08 00 00 00
01f5 00 00 00 00 00 00 81 02 00 00 00 00 00 00 00 00
01f6 f4 01 f8 00 00 00 00 00 00 00 00 00 00 00 00 00
01f7 c0 01 f1 00 00 00 00 00 00 00 00 00 00 00 00 00
01f8 c0 00 01 00 00 00 00 00 00 00 00 00 00 00 00 00
01f9 00 00 00 00 00 00 00 04 00 00 00 00 00 00 00 20
01fa 00 00 00 00 00 00 00 08 00 01 00 00 00 00 00 00
01fb f4 02 16 00 00 00 00 00 00 00 00 00 00 00 00 00
01fc 00 00 00 00 00 00 02 00 00 40 00 00 00 00 00 00
01fd 00 00 00 00 00 00 04 00 00 80 00 00 00 00 00 00
01fe 00 00 00 00 00 01 00 00 20 00 00 00 00 00 00 00
01ff 00 00 00 00 00 02 00 00 40 00 00 00 00 00 00 00
0200 00 00 00 00 00 00 00 20 00 00 00 00 00 80 00 00
0201 00 00 00 00 00 00 10 00 00 00 00 00 04 00 00 00
0202 00 00 00 00 00 00 04 00 00 00 00 00 02 40 08 01
0203 00 00 00 00 00 00 00 10 00 00 00 00 00 80 00 00
0204 00 00 00 00 00 00 08 00 00 00 00 00 04 00 00 00
0205 00 00 00 00 00 00 02 00 00 00 00 00 02 40 00 03
0206 00 00 00 00 00 00 01 00 00 00 00 00 00 00 00 00
0207 00 00 00 00 00 00 00 20 00 00 00 00 00 80 00 00
0208 00 00 00 00 00 08 00 00 00 00 00 00 04 00 00 00
0209 00 00 00 00 00 02 00 00 00 00 00 00 02 40 08 01
020a 00 00 00 00 00 00 00 10 00 00 00 00 00 80 00 00
020b 00 00 00 00 00 04 00 00 00 00 00 00 04 00 00 00
020c 00 00 00 00 00 01 00 00 00 00 00 00 02 40 00 03
020d 00 00 00 00 00 00 80 00 00 00 00 00 00 00 00 00
020e 00 00 00 00 00 00 00 00 00 00 00 00 00 00 01 00
020f 00 00 00 00 07 10 00 00 00 00 00 00 00 80 00 00
0210 00 00 00 00 07 00 20 00 00 00 00 00 04 00 00 00
0211 00 00 00 00 00 00 00 00 00 00 00 00 22 40 08 07
0212 00 00 00 00 0a 90 00 00 00 00 00 00 08 00 00 00
0213 00 00 00 00 00 00 81 02 00 00 00 00 00 00 00 00
0214 f4 02 16 00 00 00 00 00 00 00 00 00 00 00 00 00
0215 c0 02 0f 00 00 00 00 00 00 00 00 00 00 00 00 00
0216 c0 00 01 00 00 00 00 00 00 00 00 00 00 00 00 00
0217 00 00 00 00 00 00 00 00 00 00 00 00 20 02 00 00
0218 00 00 00 00 00 00 00 00 00 00 00 00 04 04 00 00
0219 00 00 00 00 00 00 00 08 00 00 00 00 02 08 08 01
021a 00 00 00 00 00 00 00 00 00 00 00 00 04 80 00 20
021b 00 00 00 00 00 00 00 04 00 00 00 00 02 40 00 03
021c 00 00 00 00 00 00 00 20 00 00 00 00 00 80 00 00
021d 00 00 00 00 00 00 00 00 40 00 00 00 04 00 00 00
021e 00 00 00 00 00 00 00 08 00 00 00 00 02 40 08 01
021f 00 00 00 00 00 00 00 10 00 00 00 00 00 80 00 00
0220 00 00 00 00 00 00 00 00 20 00 00 00 04 00 00 00
0221 00 00 00 00 00 00 00 04 00 00 00 00 02 40 00 03
0222 00 00 00 00 07 00 00 40 00 00 00 80 00 00 00 00
0223 00 00 00 00 00 00 00 01 00 00 00 00 00 00 00 00
0224 00 00 00 00 07 00 00 40 00 00 00 40 00 00 00 00
0225 c0 00 01 00 00 00 00 00 00 00 00 00 08 01 00 00
