0000 00 00 00 00 00 00 00 00 00 00 00 c0 00 00 00 20
0001 e0 00 05 00 07 20 00 00 00 00 04 00 00 00 00 00
0002 e4 00 02 00 00 00 00 00 00 00 00 00 00 00 00 00
0003 e4 00 05 00 00 00 00 00 00 00 00 00 00 00 00 00
0004 c0 00 03 00 00 00 00 00 00 00 00 00 00 00 00 00
0005 80 00 00 00 00 00 00 00 00 00 00 20 00 00 00 00
0006 00 00 00 00 07 00 00 00 00 00 04 02 00 00 00 00
0007 00 00 00 00 00 00 00 00 00 00 00 20 00 00 00 00
0008 00 00 00 00 07 00 00 00 00 00 04 01 00 00 00 00
0009 c0 00 01 00 00 00 00 00 00 00 00 20 00 00 00 00
000a 00 00 00 00 07 00 00 00 10 00 04 00 00 00 00 00
000b 00 00 00 00 00 00 00 00 00 00 00 20 00 00 00 00
000c 00 00 00 00 07 00 00 00 08 00 04 00 00 00 00 00
000d c0 00 01 00 00 00 00 00 00 00 00 20 00 00 00 00
000e 00 00 00 00 07 00 00 00 00 00 04 00 00 10 00 00
000f c0 00 01 00 00 00 00 00 00 00 00 20 00 00 00 00
0010 00 00 00 00 07 00 00 00 00 00 04 00 04 00 00 00
0011 c0 00 01 00 0a 80 00 00 80 00 00 20 01 00 00 00
0012 c0 00 01 00 07 00 00 00 80 00 00 00 00 10 00 00
0013 c0 00 01 00 00 00 00 00 00 00 80 00 00 10 00 00
0014 c0 00 01 00 00 00 00 00 00 40 00 00 00 10 00 00
0015 c0 00 01 00 00 00 00 00 20 00 00 00 00 10 00 00
0016 c0 00 01 00 07 00 00 00 80 00 20 00 00 00 00 00
0017 c0 00 01 00 00 00 00 00 00 00 20 00 00 04 00 00
0018 c0 00 01 00 07 00 00 00 80 00 40 00 00 00 00 00
0019 c0 00 01 00 07 00 00 00 80 10 00 00 00 00 00 00
001a c0 00 01 00 0a 80 00 00 80 00 80 00 00 00 00 00
001b c0 00 01 00 0a 80 00 00 80 01 00 00 00 00 00 00
001c c0 00 01 00 0a 80 00 00 80 00 00 00 00 04 00 00
001d 00 00 00 00 07 00 00 08 00 00 04 00 00 00 00 00
001e 00 00 00 00 00 00 00 00 00 00 00 20 00 00 00 00
001f 00 00 00 00 07 00 00 04 00 00 04 00 00 00 00 00
0020 00 00 00 00 07 00 00 40 10 00 00 20 00 00 00 00
0021 00 00 00 00 00 00 00 01 00 00 00 00 00 00 00 00
0022 c0 00 01 00 07 00 00 40 08 00 00 00 00 00 00 00
0023 00 00 00 00 07 00 00 08 00 00 04 00 00 00 00 00
0024 00 00 00 00 00 00 00 00 00 00 00 20 00 00 00 00
0025 00 00 00 00 07 00 00 04 00 00 04 00 00 00 00 00
0026 00 00 00 00 0a 80 00 40 40 00 00 20 00 00 00 00
0027 00 00 00 00 00 00 00 01 00 00 00 00 00 00 00 00
0028 c0 00 01 00 0a 80 00 40 20 00 00 00 00 00 00 00
0029 00 00 00 00 00 00 00 00 00 00 00 00 80 00 00 00
002a 00 00 00 00 0a 80 00 00 00 00 00 10 00 04 00 00
002b 00 00 00 00 00 00 00 00 00 00 00 00 80 00 00 00
002c c0 00 01 00 0a 80 00 00 00 00 00 10 00 02 00 00
002d 00 00 00 00 00 00 00 00 00 00 00 00 80 00 00 00
002e 00 00 00 00 0a 80 00 00 00 00 80 10 00 00 00 00
002f 00 00 00 00 00 00 00 00 00 00 00 00 80 00 00 00
0030 c0 00 01 00 0a 80 00 00 00 01 00 10 00 00 00 00
0031 00 00 00 00 00 00 00 00 00 00 00 00 80 00 00 00
0032 00 00 00 00 0a 80 00 00 00 40 00 10 00 00 00 00
0033 00 00 00 00 00 00 00 00 00 00 00 00 80 00 00 00
0034 c0 00 01 00 0a 80 00 00 00 80 00 10 00 00 00 00
0035 00 00 00 00 00 00 00 00 00 00 00 00 80 00 00 00
0036 00 00 00 00 0a 80 00 00 20 00 00 10 00 00 00 00
0037 00 00 00 00 00 00 00 00 00 00 00 00 80 00 00 00
0038 c0 00 01 00 0a 80 00 00 40 00 00 10 00 00 00 00
0039 00 00 00 00 07 00 00 00 00 00 00 10 00 01 00 00
003a 00 00 00 00 00 00 00 00 00 00 00 00 40 00 00 00
003b 00 00 00 00 07 00 00 00 00 00 00 10 00 10 00 00
003c c0 00 01 00 00 00 00 00 00 00 00 00 40 00 00 00
003d 00 00 00 00 07 00 00 00 00 00 40 10 00 00 00 00
003e 00 00 00 00 00 00 00 00 00 00 00 00 40 00 00 00
003f 00 00 00 00 07 00 00 00 00 00 20 10 00 00 00 00
0040 c0 00 01 00 00 00 00 00 00 00 00 00 40 00 00 00
0041 00 00 00 00 07 00 00 00 00 20 00 10 00 00 00 00
0042 00 00 00 00 00 00 00 00 00 00 00 00 40 00 00 00
0043 00 00 00 00 07 00 00 00 00 10 00 10 00 00 00 00
0044 c0 00 01 00 00 00 00 00 00 00 00 00 40 00 00 00
0045 00 00 00 00 07 00 00 00 10 00 00 10 00 00 00 00
0046 00 00 00 00 00 00 00 00 00 00 00 00 40 00 00 00
0047 00 00 00 00 07 00 00 00 08 00 00 10 00 00 00 00
0048 c0 00 01 00 00 00 00 00 00 00 00 00 40 00 00 00
0049 00 00 00 00 07 00 00 08 00 00 04 00 00 00 00 00
004a 00 00 00 00 00 00 00 00 00 00 00 20 00 00 00 00
004b 00 00 00 00 07 00 00 04 00 00 04 00 00 00 00 00
004c 00 00 00 00 00 00 00 20 00 00 00 80 00 00 00 00
004d c0 00 01 00 00 00 00 10 00 00 00 40 00 00 00 00
004e d0 00 49 00 00 00 00 00 00 00 00 00 00 00 00 00
004f 00 00 00 00 00 00 00 00 00 00 00 20 00 00 00 00
0050 c0 00 01 00 00 00 00 00 00 00 00 20 00 00 00 00
0051 d0 00 53 00 00 00 00 00 00 00 00 00 00 00 00 00
0052 c0 00 49 00 00 00 00 00 00 00 00 00 00 00 00 00
0053 00 00 00 00 00 00 00 00 00 00 00 20 00 00 00 00
0054 c0 00 01 00 00 00 00 00 00 00 00 20 00 00 00 00
0055 00 00 00 00 00 00 00 04 00 00 01 00 80 00 00 00
0056 00 00 00 00 00 00 00 08 00 00 02 00 00 00 00 00
0057 00 00 00 00 00 00 00 00 00 00 00 20 00 00 00 00
0058 00 00 00 00 00 00 00 00 00 00 00 20 00 00 00 00
0059 00 00 00 00 0a 80 00 00 00 00 01 10 00 00 00 00
005a 00 00 00 00 00 00 00 00 00 00 00 00 80 00 00 00
005b 00 00 00 00 0a 80 00 00 00 00 02 10 00 00 00 00
005c 00 00 00 00 07 00 00 40 00 00 00 80 00 00 00 00
005d 00 00 00 00 00 00 00 01 00 00 00 00 00 00 00 00
005e c0 00 01 00 07 00 00 40 00 00 00 40 00 00 00 00
005f 00 00 00 00 07 00 00 00 00 00 00 90 00 00 00 00
0060 00 00 00 00 00 00 00 00 00 00 00 00 40 00 00 00
0061 00 00 00 00 07 00 00 00 00 00 00 50 00 00 00 00
0062 c0 00 01 00 00 00 00 00 00 00 00 00 40 00 00 00
0063 00 00 00 00 00 00 00 00 00 00 80 00 04 00 00 00
0064 c0 00 01 00 00 00 00 00 00 00 00 00 02 18 f8 01
0065 c0 00 64 00 00 00 00 00 00 01 00 00 04 00 00 00
0066 00 00 00 00 00 00 00 00 00 00 80 00 04 00 00 00
0067 c0 00 01 00 00 00 00 00 00 00 00 00 02 18 f8 05
0068 c0 00 67 00 00 00 00 00 00 01 00 00 04 00 00 00
0069 00 00 00 00 00 00 00 00 40 00 00 00 04 00 00 00
006a c0 00 01 00 00 00 00 00 00 00 00 00 02 18 f8 0d
006b 00 00 00 00 00 00 00 00 00 00 00 00 04 00 00 60
006c c0 00 01 00 00 00 00 00 00 00 00 00 02 18 f0 01
006d 00 00 00 00 00 00 00 00 00 00 00 00 04 00 00 60
006e c0 00 01 00 00 00 00 00 00 00 00 00 02 18 f0 05
006f 00 00 00 00 07 00 00 00 00 00 04 00 04 00 00 00
0070 c0 00 01 00 00 00 00 00 00 00 00 20 02 08 f8 05
0071 00 00 00 00 07 00 00 00 00 00 04 00 04 00 00 00
0072 c0 00 01 00 00 00 00 00 00 00 00 20 02 18 f8 0b
0073 c0 00 01 00 00 00 00 00 02 00 00 00 00 00 00 00
0074 c0 00 01 00 00 00 00 00 04 00 00 00 00 00 00 00
0075 00 00 00 00 07 00 00 0c 00 00 04 00 00 00 00 00
0076 c0 00 01 00 22 80 00 40 00 00 00 20 00 04 00 00
0077 00 00 00 00 07 00 00 0c 00 00 04 00 00 00 00 00
0078 c0 00 01 00 13 00 00 40 00 00 00 20 00 10 00 00
0079 c0 00 01 00 00 00 00 00 00 00 00 00 00 00 02 00
007a c0 00 01 00 00 00 00 00 00 00 00 00 00 00 04 00
007b c4 00 7e 00 00 00 00 00 00 00 00 00 00 00 00 00
007c 00 00 00 00 00 00 00 00 00 00 00 20 00 00 00 00
007d c0 00 01 00 00 00 00 00 00 00 00 20 00 00 00 00
007e 00 00 00 00 07 00 00 08 00 00 04 00 00 00 00 00
007f 00 00 00 00 00 00 00 00 00 00 00 20 00 00 00 00
0080 00 00 00 00 07 00 00 04 00 00 04 00 00 00 00 00
0081 00 00 00 00 00 00 00 20 00 00 00 80 00 00 00 00
0082 c0 00 01 00 00 00 00 10 00 00 00 40 00 00 00 00
0083 00 00 00 00 07 00 00 00 00 00 44 00 00 00 00 00
0084 00 00 00 00 00 00 00 00 00 00 00 20 00 00 00 00
0085 00 00 00 00 07 00 00 00 00 00 24 00 00 00 00 00
0086 c0 00 01 00 00 00 00 00 00 00 00 20 00 00 00 00
0087 00 00 00 00 00 00 00 00 00 00 00 00 00 00 00 00
0088 00 00 00 00 07 00 00 00 00 20 04 00 00 00 00 00
0089 00 00 00 00 00 00 00 00 00 00 00 20 00 00 00 00
008a 00 00 00 00 07 00 00 00 00 10 04 00 00 00 00 00
008b c0 00 01 00 00 00 00 00 00 00 00 20 00 00 00 00
008c 00 00 00 00 00 00 00 00 00 80 00 00 04 00 00 00
008d c0 00 01 00 00 00 00 00 00 00 00 00 02 18 f8 01
008e c0 00 01 00 00 00 00 00 00 20 00 00 00 04 00 00
008f 00 00 00 00 07 00 00 00 00 00 04 00 04 00 00 00
0090 00 00 00 00 00 00 00 00 00 00 00 00 02 18 f8 03
0091 c0 00 01 00 00 00 00 00 00 00 00 20 00 00 00 00
0092 c0 00 01 00 00 00 00 00 00 10 00 00 00 04 00 00
0093 00 00 00 00 00 00 00 00 00 80 00 00 00 80 00 00
0094 00 00 00 00 00 00 00 00 40 00 00 00 04 00 00 00
0095 00 00 00 00 00 00 00 00 10 00 00 00 02 40 08 01
0096 00 00 00 00 00 00 00 00 00 40 00 00 00 80 00 00
0097 00 00 00 00 00 00 00 00 20 00 00 00 04 00 00 00
0098 c0 00 01 00 00 00 00 00 08 00 00 00 02 40 08 03
0099 c0 00 01 00 07 00 00 00 80 20 00 00 00 00 00 00
009a 00 00 00 00 00 00 00 04 20 00 00 00 00 00 00 00
009b 00 00 00 00 00 00 00 08 40 00 00 00 00 00 00 00
009c 00 00 00 00 00 00 00 00 08 40 00 00 00 00 00 00
009d 00 00 00 00 00 00 00 00 10 80 00 00 00 00 00 00
009e 00 00 00 00 00 00 00 10 00 10 00 00 00 00 00 00
009f c0 00 01 00 00 00 00 20 00 20 00 00 00 00 00 00
00a0 00 00 00 00 00 00 00 00 20 00 00 40 00 00 00 00
00a1 c0 00 01 00 00 00 00 00 40 00 00 80 00 00 00 00
